-0.813412,1.023548,-1.060271,0.334258,0.285216,-0.052000,0.477675,-0.319946,-0.215567,0.004893,0.069376
-1.211106,1.332118,-0.546212,0.338736,0.420985,0.028155,0.473825,-0.270369,-0.096311,-0.124910,-0.081511
-1.109396,1.135311,-0.501651,0.447247,0.441177,-0.119414,0.383343,-0.355700,-0.047633,0.223130,-0.123990
-1.043155,1.182524,-0.720688,0.249863,0.474803,-0.270503,0.372832,-0.316712,-0.181678,0.055079,-0.158679
-1.100785,1.093757,-0.370321,0.413128,0.385491,-0.009907,0.353168,-0.483997,-0.197900,0.071386,0.023368
-1.325357,1.190511,-0.586766,0.388914,0.315036,-0.109321,0.372263,-0.486358,0.091544,-0.126258,-0.103701
-1.046749,1.044426,-0.519844,0.401578,0.469325,-0.029919,0.327386,-0.331854,0.082604,-0.033120,-0.059584
-0.985708,1.218648,-0.821393,0.279121,0.460103,0.117526,0.408995,-0.349226,-0.155830,-0.175944,-0.019767
-1.315868,1.428605,-0.543822,0.339299,0.543914,0.072501,0.392106,-0.294770,0.022954,-0.293018,-0.079405
-1.250609,1.016882,-0.665832,0.295208,0.171373,-0.044505,0.346831,-0.410785,-0.392817,0.104172,0.054783
-0.850868,0.893899,-0.875058,0.528287,0.115324,-0.286145,0.411835,-0.312485,-0.037233,0.074086,0.123992
-1.169103,0.866128,-0.669419,0.448277,0.376968,-0.195325,0.347487,-0.339070,-0.186886,0.153842,-0.114070
-1.024343,0.821878,-0.875303,0.467281,0.391967,-0.148924,0.256385,-0.380704,-0.164291,0.162349,-0.070196
-0.831321,1.042516,-1.365836,0.270221,0.419412,0.004340,0.496993,-0.343582,-0.150524,0.080662,-0.054209
-0.863129,0.879513,-0.485768,0.281743,0.394865,-0.132350,0.305658,-0.311334,0.035452,-0.080667,-0.210266
-1.084655,0.935961,-0.518322,0.439556,0.312153,-0.072451,0.314709,-0.418719,-0.147177,0.159480,-0.113207
-1.138483,1.170445,-0.882621,0.376673,0.359984,0.088386,0.266638,-0.445496,0.090825,-0.130021,-0.078659
-1.168100,1.202522,-0.597092,0.290938,0.320916,-0.031517,0.248908,-0.337486,0.100620,-0.203515,-0.156046
-0.907277,0.996832,-0.775930,0.209656,0.407836,-0.135297,0.297228,-0.349584,-0.031295,0.014260,-0.045395
-1.038996,0.929633,-0.801443,0.451633,0.267856,-0.051083,0.229953,-0.374098,-0.149104,0.014898,-0.078111
-0.873969,0.962415,-0.775716,0.215039,0.474658,-0.039758,0.375774,-0.180515,-0.164857,0.029871,0.126902
-0.848446,0.890632,-0.696160,0.235857,0.434195,-0.055046,0.286537,-0.284138,0.046077,-0.094546,-0.016625
-0.909887,0.730734,-0.510885,0.235013,0.400381,-0.065053,0.358356,-0.323517,-0.056536,-0.102021,-0.033835
-0.759739,0.934372,-0.590316,0.595132,0.180385,-0.320601,0.392910,-0.351897,-0.046942,-0.122881,-0.072938
-0.700889,0.932219,-0.702193,0.562162,0.064909,-0.243874,0.495630,-0.280265,-0.231986,-0.037085,0.079314
-0.848459,1.231024,-0.696120,0.541861,0.252757,-0.412251,0.432599,-0.343438,-0.253642,-0.062033,-0.069477
-1.007172,1.151962,-0.669647,0.415142,0.271620,0.077754,0.382316,-0.475458,-0.060964,-0.018504,-0.001646
-1.159939,1.263334,-0.572558,0.388793,0.351784,0.129099,0.361387,-0.375024,-0.093122,-0.153223,-0.030630
-1.250961,0.936449,-0.352516,0.406310,0.086480,0.153232,0.353075,-0.305040,0.159717,-0.058412,0.121019
-1.210538,1.045383,-0.663798,0.392059,0.399535,-0.053426,0.259928,-0.415553,0.131447,0.096650,0.002798
-1.327135,1.223453,-0.585708,0.448353,0.340431,0.066770,0.450328,-0.140512,-0.295667,-0.165012,-0.012207
-1.043966,1.255649,-0.727921,0.273175,0.512499,-0.005511,0.501425,-0.267981,-0.066261,-0.092800,-0.093687
-1.130563,1.152322,-0.771588,0.288553,0.093605,0.025571,0.236376,-0.395645,-0.039771,-0.047408,-0.079655
-1.165254,1.164778,-0.593025,0.349537,0.196402,-0.006644,0.328284,-0.349166,-0.327360,0.017699,-0.028657
-1.051625,1.123084,-0.706463,0.364078,0.423030,-0.027291,0.370941,-0.163569,-0.005383,-0.138393,-0.004289
-1.261106,1.231177,-0.599811,0.350971,0.213551,0.033166,0.203022,-0.166684,-0.090400,-0.147230,-0.039371
-0.380783,0.241369,-0.081825,0.029978,0.362249,-0.009920,0.323521,-0.313763,-0.229775,-0.120368,-0.021604
-0.175002,0.689784,-0.534576,0.128199,0.483949,0.267210,0.472981,-0.295017,-0.309863,-0.187796,0.052344
-1.080535,0.518265,-0.769043,0.465915,0.151782,0.185003,0.154277,-0.311361,-0.253381,-0.239414,0.154678
-0.462427,0.449818,-0.930969,0.086821,0.557409,0.106840,0.470692,-0.414891,-0.154440,-0.078439,0.215108
-1.089215,0.551852,-0.435028,0.569123,0.159935,0.269815,0.284080,-0.398599,-0.262664,-0.038989,0.083277
-0.712498,0.398840,-0.634849,0.441213,0.350352,0.031978,0.116202,-0.361456,-0.204013,-0.021720,-0.079470
-1.020480,0.713295,-1.060946,0.544424,0.358462,-0.004982,0.046987,-0.653994,-0.235512,0.008663,0.147926
-1.207906,0.945730,-1.335225,0.148499,0.155554,-0.145308,0.206423,-0.586462,-0.195756,-0.236366,-0.230538
-1.048434,0.614897,-0.827627,0.275134,0.099613,-0.027998,0.090584,-0.181958,-0.093256,-0.191019,-0.174146
-0.399756,0.349616,-0.568110,0.104670,0.272399,0.060829,0.422159,-0.344407,-0.052068,-0.144048,0.165196
-0.681810,0.453729,-0.385795,0.256537,0.261208,0.141237,0.172143,-0.509177,-0.195735,-0.021563,0.125176
-0.795360,0.685861,-0.601068,-0.157278,-0.002624,0.230868,0.626019,-0.409383,-0.032829,0.097540,0.000613
-0.850176,0.603156,-0.698141,0.422971,0.269770,-0.020149,0.262673,-0.386798,-0.035663,0.003898,0.011246
-0.822287,0.540538,-0.859961,0.281345,0.017667,0.147169,0.171823,-0.110477,0.001025,0.234294,0.024031
-0.795741,0.458976,-0.767207,0.230093,0.351536,0.031199,0.284261,-0.406876,-0.229835,0.107326,0.035581
-0.452416,0.433261,-0.936209,0.238878,0.413940,0.136248,0.423670,-0.529399,0.012607,-0.081027,0.030224
-0.563963,0.407703,-1.200061,0.339223,0.463306,0.027452,0.305387,-0.436284,0.024026,-0.035801,-0.080339
-0.410658,0.516084,-0.956709,0.392506,0.387609,0.072450,0.481966,-0.214663,0.010718,-0.020607,-0.136633
-0.315421,0.447606,-0.785164,0.337504,0.408099,0.189409,0.567798,-0.337831,0.004629,0.081435,0.013638
-0.785174,0.406890,-0.814820,0.524481,0.067413,-0.111322,0.379928,-0.383551,-0.162053,0.059541,0.180480
-1.071402,0.889938,-0.917635,-0.220163,-0.145286,0.109406,0.714827,-0.503386,-0.039499,0.020589,-0.074824
-0.488395,0.682171,-0.986930,-0.183847,-0.019945,-0.229949,0.165681,-0.306158,0.074342,0.036546,0.101291
-0.830847,0.374856,-0.616423,0.366776,0.235791,0.107868,0.350487,-0.350001,-0.154654,-0.065954,0.139089
-0.628854,0.614281,-0.957337,0.469152,0.155248,-0.108912,0.319854,-0.186643,-0.300132,0.061112,-0.067510
-0.749981,0.488543,-0.733311,0.463264,0.267459,-0.042043,0.290243,-0.379516,-0.146640,0.045288,-0.203850
-0.562750,0.447903,-0.721199,0.440713,0.276181,0.070129,0.336594,-0.333587,-0.062572,0.134848,-0.049970
-0.985793,0.572443,-1.048463,0.396756,0.088233,0.131132,0.329481,-0.104466,0.031014,0.072117,-0.007724
-0.910560,0.621559,-0.813926,0.537507,-0.560791,0.071111,0.638550,-0.291143,0.006798,-0.133241,-0.004420
-0.321546,0.679941,-1.122061,0.256702,0.587339,0.043509,0.693351,-0.193330,-0.038686,-0.045649,0.119606
-0.543921,0.412619,-0.976390,0.255574,0.365186,0.293832,0.335303,-0.184806,-0.091394,-0.119936,0.011956
-0.736635,0.151828,-1.090768,0.361579,0.469081,0.298991,0.694935,-0.492404,-0.001962,-0.207376,0.072732
-0.614716,0.470551,-0.943396,0.228885,0.161139,0.008449,0.327454,-0.456978,-0.249926,0.045196,-0.039237
-0.818322,0.582003,-0.973734,0.499406,0.034164,-0.005492,0.391951,-0.024875,-0.144613,-0.065466,-0.080934
-0.975353,0.915133,-1.671845,0.530203,0.185001,0.211233,0.373451,0.011870,-0.336727,-0.190805,0.039579
-0.540061,0.774406,-0.842554,0.900796,-0.193376,-0.402179,0.543677,-0.420476,-0.209971,-0.059282,0.104050
-0.649048,0.467090,-0.884116,0.570421,0.168222,0.009933,0.341104,-0.192967,-0.302565,-0.042313,-0.088852
-0.555982,0.506616,-1.012701,0.458816,0.151301,0.153924,0.308520,-0.385440,-0.184594,0.038835,-0.095503
-0.262243,0.644844,-0.902534,0.637087,0.140638,-0.201869,0.516348,-0.244147,-0.012654,-0.094553,-0.029275
-0.284944,0.814483,-0.549229,-0.189061,0.146549,-0.058304,0.112478,-0.302686,-0.087332,-0.055398,0.084394
-0.084681,0.863926,-0.614417,0.118632,0.132167,-0.160711,0.127102,-0.347122,-0.022533,-0.095114,0.189551
0.006789,0.864698,-0.714154,0.122287,0.158614,-0.040835,0.013516,-0.385728,0.019863,-0.093247,0.024875
-0.136065,0.865805,-0.653548,0.130767,0.031146,-0.265981,0.104830,-0.375489,0.014084,-0.251648,0.179411
-0.068066,0.776287,-0.578114,0.239831,0.451170,0.407946,0.529025,-0.219742,-0.100448,-0.018253,-0.121078
0.084020,0.927358,-0.583780,0.263419,0.427499,0.257933,0.607325,-0.262086,-0.117605,-0.098168,-0.086130
0.248137,0.866212,-0.785484,0.364855,0.306095,-0.189716,0.628890,-0.279238,0.122741,-0.149213,0.029744
-0.114072,0.913996,-0.971276,0.345644,0.419527,0.014149,0.461379,-0.379117,-0.220552,-0.122495,-0.091799
-0.135282,0.912374,-0.570948,0.326732,0.382254,-0.142875,0.207344,-0.346958,-0.088795,0.107941,-0.136412
0.019409,0.931667,-0.902434,0.315516,0.505708,-0.133129,0.368236,-0.479909,-0.185757,0.049177,-0.000744
-0.076412,0.955126,-0.699193,0.551631,0.287581,-0.267827,0.605334,-0.515243,-0.165219,-0.073925,0.108838
-0.113914,1.031653,-0.521146,0.165189,0.002707,-0.160013,0.317011,-0.231687,0.080207,-0.150129,0.044937
-0.029364,0.968450,-0.595678,0.266605,0.132978,-0.129781,0.477419,-0.421023,-0.000602,-0.007822,-0.167748
-0.049998,1.184620,-0.649048,0.149102,-0.060181,0.130155,-0.015299,-0.261344,-0.076397,-0.139900,0.210910
0.011744,0.921161,-0.571661,0.106026,0.233219,0.403125,0.386748,-0.286748,-0.109061,-0.003247,-0.159722
0.204561,1.233241,-0.699551,0.566652,0.146363,0.028300,0.726021,-0.425159,-0.016509,-0.156411,0.003596
0.051454,1.229275,-0.563389,0.552050,0.139818,0.107885,0.442360,-0.424998,-0.147742,0.007923,0.163009
-0.354375,1.597040,-0.835797,0.537563,0.154748,0.684349,0.265839,-0.496392,-0.200206,0.024007,-0.017929
-0.242568,1.360522,-0.758564,0.499661,0.192543,0.632796,0.282572,-0.332754,-0.127992,-0.021873,0.015026
-0.095954,1.068172,-0.720921,0.232878,0.472085,-0.070956,0.497585,-0.482771,-0.178136,-0.044282,0.065196
0.019894,0.947117,-0.908337,0.284678,0.413418,0.026545,0.606922,-0.382641,-0.168038,-0.000607,-0.022806
-0.053146,1.341989,-0.764211,0.273312,0.211133,0.113852,0.354218,-0.508495,-0.021876,-0.173579,0.195280
0.033952,1.085146,-0.504430,0.372003,0.247300,0.089511,0.268936,-0.319777,0.011094,-0.154199,0.111948
-0.131471,1.248411,-0.819698,0.236949,0.246169,0.118698,0.197689,-0.494364,0.004297,0.008838,0.018739
0.079915,0.752720,-0.629662,0.212000,0.200800,-0.053238,0.330982,-0.222415,-0.050585,-0.022951,0.035394
-0.057259,1.276915,-0.521911,0.376146,0.336045,0.193207,0.219768,-0.436117,-0.139119,0.057678,0.053956
0.149447,1.288200,-0.649905,0.571234,0.219294,-0.219264,0.617868,-0.435595,-0.070752,-0.102617,0.091122
-0.027129,1.197220,-0.732722,0.354744,0.165941,-0.021532,0.400678,-0.461960,-0.013346,-0.116259,0.024507
-0.038828,1.291074,-0.633865,0.109675,0.212201,0.235493,0.497821,-0.324932,-0.093704,-0.045853,-0.067308
0.102297,1.407728,-0.846797,0.545766,0.284415,0.114059,0.436967,-0.492785,-0.193666,-0.050458,0.071786
